cam0:
  cam_overlaps: [1, 2]
  camera_model: pinhole
  distortion_coeffs: [-0.0014582796924011618, -0.02183517687457206, 0.020676501013725063, -0.005646080076670184]
  distortion_model: equidistant
  intrinsics: [587.2901024019953, 587.1154549742607, 617.0473192410899, 356.0440445462964]
  resolution: [1280, 720]
  rostopic: /front_camera/left/image
cam1:
  T_cn_cnm1:
  - [0.9999599864650054, -0.006416108901989674, -0.006233699980752852, -0.0752654180647606]
  - [0.0064200552344195385, 0.9999792031853073, 0.0006132598560664652, -7.57439715561844e-05]
  - [0.006229635597627805, -0.0006532560155629917, 0.9999803822560146, -0.00017945476449289735]
  - [0.0, 0.0, 0.0, 1.0]
  cam_overlaps: [0, 2]
  camera_model: pinhole
  distortion_coeffs: [0.007594083288128868, -0.04456216926829111, 0.05003867871344342, -0.015735328473015873]
  distortion_model: equidistant
  intrinsics: [577.6265062804041, 577.9572999995758, 612.7544922518928, 384.8897581184422]
  resolution: [1280, 720]
  rostopic: /front_camera/right/image
cam2:
  T_cn_cnm1:
  - [0.9999950259618965, -0.003114747252920841, -0.0004963879653218084, 0.038065893236075725]
  - [0.0031187911940029557, 0.9999601443965325, 0.008365569911833525, 0.00012935170639173887]
  - [0.00047031154557789683, -0.008367076431585099, 0.9999648848029784, 1.625328083358286e-05]
  - [0.0, 0.0, 0.0, 1.0]
  cam_overlaps: [0, 1]
  camera_model: pinhole
  distortion_coeffs: [0.0037183566683951816, -0.025773709195944093, 0.02278288872101354, -0.005214234853152427]
  distortion_model: equidistant
  intrinsics: [581.092269322771, 581.3197052657571, 661.6947313048105, 365.8385335078224]
  resolution: [1280, 720]
  rostopic: /front_camera/rgb/image_color
