cam0:
  T_cam_imu:
  - [-0.0002895789155043289, 0.9998786063504789, -0.015578469330296857, 0.0734580856851704]
  - [0.9999114022262044, 0.0004968369935124066, 0.013301911555358257, -0.002976998805332291]
  - [0.01330803674763454, -0.015573237159472722, -0.9997901632054086, -0.0018177479446051894]
  - [0.0, 0.0, 0.0, 1.0]
  cam_overlaps: [1, 2]
  camera_model: pinhole
  distortion_coeffs: [-0.0014582796924011618, -0.02183517687457206, 0.020676501013725063, -0.005646080076670184]
  distortion_model: equidistant
  intrinsics: [587.2901024019953, 587.1154549742607, 617.0473192410899, 356.0440445462964]
  resolution: [1280, 720]
  rostopic: /front_camera/left/image
  timeshift_cam_imu: 0.00010083893832164594
cam1:
  T_cam_imu:
  - [-0.006788066085870513, 0.9999324888008049, -0.009430800572682604, -0.0017798396534084854]
  - [0.9998969094261386, 0.006906552100191256, 0.012588489112816442, -0.002582190649125358]
  - [0.012652773564322128, -0.009344376850020535, -0.9998762873187935, -0.001537605201088454]
  - [0.0, 0.0, 0.0, 1.0]
  T_cn_cnm1:
  - [0.9999599864650085, -0.006416108901989674, -0.00623369998075285, -0.0752654180647606]
  - [0.0064200552344195385, 0.9999792031853104, 0.0006132598560664652, -7.57439715561844e-05]
  - [0.006229635597627803, -0.0006532560155629915, 0.9999803822560177, -0.00017945476449289735]
  - [0.0, 0.0, 0.0, 1.0]
  cam_overlaps: [0, 2]
  camera_model: pinhole
  distortion_coeffs: [0.007594083288128868, -0.04456216926829111, 0.05003867871344342, -0.015735328473015873]
  distortion_model: equidistant
  intrinsics: [577.6265062804041, 577.9572999995758, 612.7544922518928, 384.8897581184422]
  resolution: [1280, 720]
  rostopic: /front_camera/right/image
  timeshift_cam_imu: 0.00010164273830282354
