Calibration results
===================
Normalized Residuals
----------------------------
Reprojection error (cam0):     mean 0.34109196845383477, median 0.31481949601391473, std: 0.19479866376434532
Reprojection error (cam1):     mean 0.5805679008903387, median 0.5482892615445472, std: 0.30452216053326997
Reprojection error (cam2):     mean 0.3606157196889746, median 0.3352271740489937, std: 0.2022261614214361
Gyroscope error (imu0):        mean 2.778378425954251, median 2.259012506222396, std: 2.0026974438258365
Accelerometer error (imu0):    mean 2.3789291654454963, median 1.6388863673962002, std: 2.375600899203328

Residuals
----------------------------
Reprojection error (cam0) [px]:     mean 0.34109196845383477, median 0.31481949601391473, std: 0.19479866376434532
Reprojection error (cam1) [px]:     mean 0.5805679008903387, median 0.5482892615445472, std: 0.30452216053326997
Reprojection error (cam2) [px]:     mean 0.3606157196889746, median 0.3352271740489937, std: 0.2022261614214361
Gyroscope error (imu0) [rad/s]:     mean 0.009588692774699255, median 0.0077962658700570465, std: 0.006911675648692814
Accelerometer error (imu0) [m/s^2]: mean 0.05792553783706891, median 0.03990592728198658, std: 0.057844496495047096

Transformation (cam0):
-----------------------
T_ci:  (imu0 to cam0): 
[[ 0.00045075  0.9998659  -0.01637035  0.07357248]
 [ 0.99991086 -0.0002322   0.01334958 -0.00271202]
 [ 0.01334398 -0.01637491 -0.99977688 -0.00176265]
 [ 0.          0.          0.          1.        ]]

T_ic:  (cam0 to imu0): 
[[ 0.00045075  0.99991086  0.01334398  0.00270213]
 [ 0.9998659  -0.0002322  -0.01637491 -0.0735921 ]
 [-0.01637035  0.01334958 -0.99977688 -0.00052165]
 [ 0.          0.          0.          1.        ]]

timeshift cam0 to imu0: [s] (t_imu = t_cam + shift)
9.987863397812249e-05


Transformation (cam1):
-----------------------
T_ci:  (imu0 to cam1): 
[[-0.00604799  0.99992945 -0.01022304 -0.0016675 ]
 [ 0.99990115  0.00617695  0.01263108 -0.00231644]
 [ 0.01269333 -0.01014564 -0.99986796 -0.00148197]
 [ 0.          0.          0.          1.        ]]

T_ic:  (cam1 to imu0): 
[[-0.00604799  0.99990115  0.01269333  0.00232494]
 [ 0.99992945  0.00617695 -0.01014564  0.00166665]
 [-0.01022304  0.01263108 -0.99986796 -0.00146956]
 [ 0.          0.          0.          1.        ]]

timeshift cam1 to imu0: [s] (t_imu = t_cam + shift)
9.784993071703135e-05


Transformation (cam2):
-----------------------
T_ci:  (imu0 to cam2): 
[[-0.0091687   0.99991028 -0.00976601  0.03640636]
 [ 0.99994862  0.0092104   0.00423422 -0.0022046 ]
 [ 0.00432379 -0.00972668 -0.99994335 -0.00144707]
 [ 0.          0.          0.          1.        ]]

T_ic:  (cam2 to imu0): 
[[-0.0091687   0.99994862  0.00432379  0.00254454]
 [ 0.99991028  0.0092104  -0.00972668 -0.03639686]
 [-0.00976601  0.00423422 -0.99994335 -0.00108211]
 [ 0.          0.          0.          1.        ]]

timeshift cam2 to imu0: [s] (t_imu = t_cam + shift)
0.00011923312807343756

Baselines:
----------
Baseline (cam0 to cam1): 
[[ 0.99995999 -0.00641611 -0.0062337  -0.07526542]
 [ 0.00642006  0.9999792   0.00061326 -0.00007574]
 [ 0.00622964 -0.00065326  0.99998038 -0.00017945]
 [ 0.          0.          0.          1.        ]]
baseline norm:  0.0752656701134383 [m]

Baseline (cam1 to cam2): 
[[ 0.99999503 -0.00311475 -0.00049639  0.03806589]
 [ 0.00311879  0.99996014  0.00836557  0.00012935]
 [ 0.00047031 -0.00836708  0.99996488  0.00001625]
 [ 0.          0.          0.          1.        ]]
baseline norm:  0.038066116480321446 [m]


Gravity vector in target coords: [m/s^2]
[ 0.22569819 -9.67859597 -1.56277425]


Calibration configuration
=========================

cam0
-----
  Camera model: pinhole
  Focal length: [587.2901024019953, 587.1154549742607]
  Principal point: [617.0473192410899, 356.0440445462964]
  Distortion model: equidistant
  Distortion coefficients: [-0.0014582796924011618, -0.02183517687457206, 0.020676501013725063, -0.005646080076670184]
  Type: aprilgrid
  Tags: 
    Rows: 6
    Cols: 6
    Size: 0.0294 [m]
    Spacing 0.00882 [m]

cam1
-----
  Camera model: pinhole
  Focal length: [577.6265062804041, 577.9572999995758]
  Principal point: [612.7544922518928, 384.8897581184422]
  Distortion model: equidistant
  Distortion coefficients: [0.007594083288128868, -0.04456216926829111, 0.05003867871344342, -0.015735328473015873]
  Type: aprilgrid
  Tags: 
    Rows: 6
    Cols: 6
    Size: 0.0294 [m]
    Spacing 0.00882 [m]

cam2
-----
  Camera model: pinhole
  Focal length: [581.092269322771, 581.3197052657571]
  Principal point: [661.6947313048105, 365.8385335078224]
  Distortion model: equidistant
  Distortion coefficients: [0.0037183566683951816, -0.025773709195944093, 0.02278288872101354, -0.005214234853152427]
  Type: aprilgrid
  Tags: 
    Rows: 6
    Cols: 6
    Size: 0.0294 [m]
    Spacing 0.00882 [m]



IMU configuration
=================

IMU0:
 ----------------------------
  Model: calibrated
  Update rate: 200
  Accelerometer:
    Noise density: 0.0017217637752067734 
    Noise density (discrete): 0.0243494168210012 
    Random walk: 0.00012088774782520467
  Gyroscope:
    Noise density: 0.0002440355000012493
    Noise density (discrete): 0.0034511831380226623 
    Random walk: 3.3735481202874915e-06
  T_ib (imu0 to imu0)
    [[1. 0. 0. 0.]
     [0. 1. 0. 0.]
     [0. 0. 1. 0.]
     [0. 0. 0. 1.]]
  time offset with respect to IMU0: 0.0 [s]

