cam0:
  T_cam_imu:
  - [0.00045075123543124356, 0.9998658952149829, -0.016370351531444827, 0.07357247627547107]
  - [0.999910863484324, -0.00023220495257293656, 0.01334957553227942, -0.0027120154268835454]
  - [0.013343984013621642, -0.016374909673012594, -0.9997768753196101, -0.0017626534102871906]
  - [0.0, 0.0, 0.0, 1.0]
  cam_overlaps: [1, 2]
  camera_model: pinhole
  distortion_coeffs: [-0.0014582796924011618, -0.02183517687457206, 0.020676501013725063, -0.005646080076670184]
  distortion_model: equidistant
  intrinsics: [587.2901024019953, 587.1154549742607, 617.0473192410899, 356.0440445462964]
  resolution: [1280, 720]
  rostopic: /front_camera/left/image
  timeshift_cam_imu: 9.987863397812249e-05
cam1:
  T_cam_imu:
  - [-0.006047986186006024, 0.9999294531723794, -0.010223039737784488, -0.0016674972452905557]
  - [0.9999011457009387, 0.006176952076093892, 0.012631076319935122, -0.0023164446003126143]
  - [0.012693332464103613, -0.010145636571259577, -0.9998679639680031, -0.001481972237893549]
  - [0.0, 0.0, 0.0, 1.0]
  T_cn_cnm1:
  - [0.9999599864650085, -0.006416108901989674, -0.00623369998075285, -0.0752654180647606]
  - [0.0064200552344195385, 0.9999792031853104, 0.0006132598560664652, -7.57439715561844e-05]
  - [0.006229635597627803, -0.0006532560155629915, 0.9999803822560177, -0.00017945476449289735]
  - [0.0, 0.0, 0.0, 1.0]
  cam_overlaps: [0, 2]
  camera_model: pinhole
  distortion_coeffs: [0.007594083288128868, -0.04456216926829111, 0.05003867871344342, -0.015735328473015873]
  distortion_model: equidistant
  intrinsics: [577.6265062804041, 577.9572999995758, 612.7544922518928, 384.8897581184422]
  resolution: [1280, 720]
  rostopic: /front_camera/right/image
  timeshift_cam_imu: 9.784993071703135e-05
cam2:
  T_cam_imu:
  - [-0.009168696267331704, 0.9999102760125645, -0.009766009074039735, 0.0364063550576192]
  - [0.9999486185914551, 0.009210403031082599, 0.004234224019278844, -0.0022045986887115673]
  - [0.004323792987393255, -0.009726684968777042, -0.9999433466020564, -0.0014470692914991864]
  - [0.0, 0.0, 0.0, 1.0]
  T_cn_cnm1:
  - [0.9999950259618972, -0.0031147472529208416, -0.0004963879653218084, 0.038065893236075725]
  - [0.003118791194002956, 0.9999601443965331, 0.008365569911833525, 0.00012935170639173887]
  - [0.0004703115455778969, -0.008367076431585099, 0.9999648848029791, 1.625328083358286e-05]
  - [0.0, 0.0, 0.0, 1.0]
  cam_overlaps: [0, 1]
  camera_model: pinhole
  distortion_coeffs: [0.0037183566683951816, -0.025773709195944093, 0.02278288872101354, -0.005214234853152427]
  distortion_model: equidistant
  intrinsics: [581.092269322771, 581.3197052657571, 661.6947313048105, 365.8385335078224]
  resolution: [1280, 720]
  rostopic: /front_camera/rgb/image_color
  timeshift_cam_imu: 0.00011923312807343756
