cam0:
  cam_overlaps: [1, 2]
  camera_model: pinhole
  distortion_coeffs: [-0.17515910189499115, 0.021491210128878616, -0.0001319301472126799, 0.00011151169330693772]
  distortion_model: radtan
  intrinsics: [560.4143290057865, 567.4353474665207, 640.9332117393964, 352.72218595698314]
  resolution: [1280, 720]
  rostopic: /front_camera/left/image
cam1:
  T_cn_cnm1:
  - [0.9986135493779195, -0.006022834429838249, 0.05229440184439437, -0.07318947367810671]
  - [0.005957966752030795, 0.9999812764030811, 0.0013962361709429349, -7.022709103239876e-05]
  - [-0.052301832004375694, -0.001082732050928921, 0.9986307355876298, 0.0002735971252750923]
  - [0.0, 0.0, 0.0, 1.0]
  cam_overlaps: [0, 2]
  camera_model: pinhole
  distortion_coeffs: [-0.17236203489636864, 0.020498255813057763, -0.0010072191461375337, 0.0024993336682756916]
  distortion_model: radtan
  intrinsics: [551.6613900010874, 557.1913833705319, 601.2376207306521, 381.7776191151557]
  resolution: [1280, 720]
  rostopic: /front_camera/right/image
cam2:
  T_cn_cnm1:
  - [0.9996838518635738, -0.0030941852613295797, -0.024952401502695582, 0.036990947992592234]
  - [0.003268944477662645, 0.9999703942855943, 0.0069659568108007336, 8.125702514150628e-05]
  - [0.024930108808128234, -0.0070453225516333194, 0.999664370228795, 0.0010400305319184797]
  - [0.0, 0.0, 0.0, 1.0]
  cam_overlaps: [0, 1]
  camera_model: pinhole
  distortion_coeffs: [-0.17429618287829438, 0.021451792112336457, -0.0006781219702611554, 0.0009173634561962583]
  distortion_model: radtan
  intrinsics: [555.7754753708787, 561.7455871710125, 665.4411735180926, 363.1929533484541]
  resolution: [1280, 720]
  rostopic: /front_camera/rgb/image_color
