#Accelerometer
accelerometer_noise_density: 0.0017217637752067734 
accelerometer_random_walk: 0.00012088774782520467 

#Gyroscope
gyroscope_noise_density: 0.0002440355000012493 
gyroscope_random_walk: 3.3735481202874915e-06 

rostopic: '/front_camera/imu/data' 
update_rate: 200 

