wheel_base: 0.39955
wheel_radius: 0.0825
wheel_track: 0.39955
wheel_width: 0.025