#Accelerometer
accelerometer_noise_density: 0.008608818876033868 # Inflated 5 times 
accelerometer_random_walk: 0.0072532648695122805 # Inflated 60 times

#Gyroscope
gyroscope_noise_density: 0.001553952358385786 # Not inflated
gyroscope_random_walk: 3.3735481202874915e-06 # Not inflated

rostopic: '/front_camera/imu/data' 
update_rate: 200 

