cam0:
  T_cam_imu:
  - [0.0013756289757763302, 0.9998114034825256, -0.019371760663995853, 0.07336191725002279]
  - [0.9999006255425216, -0.0011034451528576877, 0.014054232404107005, -0.0021231803711804094]
  - [0.014030206149412812, -0.01938916901511685, -0.9997135656978494, -0.0016843978870159158]
  - [0.0, 0.0, 0.0, 1.0]
  cam_overlaps: [1, 2]
  camera_model: pinhole
  distortion_coeffs: [-0.0014582796924011618, -0.02183517687457206, 0.020676501013725063, -0.005646080076670184]
  distortion_model: equidistant
  intrinsics: [587.2901024019953, 587.1154549742607, 617.0473192410899, 356.0440445462964]
  resolution: [1280, 720]
  rostopic: /front_camera/left/image
  timeshift_cam_imu: 7.812890997796088e-05
cam1:
  T_cam_imu:
  - [-0.005127357468453763, 0.9998993435807362, -0.01322924458176231, -0.0018823136968245113]
  - [0.9998972665707186, 0.005303531630647519, 0.013316488149981784, -0.001728925600105558]
  - [0.013385309477056382, -0.013159607101130235, -0.9998238135947493, -0.0014054146158617416]
  - [0.0, 0.0, 0.0, 1.0]
  T_cn_cnm1:
  - [0.9999599864650085, -0.006416108901989674, -0.00623369998075285, -0.0752654180647606]
  - [0.0064200552344195385, 0.9999792031853104, 0.0006132598560664652, -7.57439715561844e-05]
  - [0.006229635597627803, -0.0006532560155629915, 0.9999803822560177, -0.00017945476449289735]
  - [0.0, 0.0, 0.0, 1.0]
  cam_overlaps: [0, 2]
  camera_model: pinhole
  distortion_coeffs: [0.007594083288128868, -0.04456216926829111, 0.05003867871344342, -0.015735328473015873]
  distortion_model: equidistant
  intrinsics: [577.6265062804041, 577.9572999995758, 612.7544922518928, 384.8897581184422]
  resolution: [1280, 720]
  rostopic: /front_camera/right/image
  timeshift_cam_imu: 7.099248596568923e-05
cam2:
  T_cam_imu:
  - [-0.008248403535573084, 0.9998843831533197, -0.012774355765368825, 0.03618967169911629]
  - [0.9999533996466567, 0.008311709909626059, 0.0049106021496627145, -0.0016171326239467917]
  - [0.005016211140730974, -0.012733255847743352, -0.9999063465251673, -0.0013755312048404373]
  - [0.0, 0.0, 0.0, 1.0]
  T_cn_cnm1:
  - [0.9999950259618972, -0.0031147472529208416, -0.0004963879653218084, 0.038065893236075725]
  - [0.003118791194002956, 0.9999601443965331, 0.008365569911833525, 0.00012935170639173887]
  - [0.0004703115455778969, -0.008367076431585099, 0.9999648848029791, 1.625328083358286e-05]
  - [0.0, 0.0, 0.0, 1.0]
  cam_overlaps: [0, 1]
  camera_model: pinhole
  distortion_coeffs: [0.0037183566683951816, -0.025773709195944093, 0.02278288872101354, -0.005214234853152427]
  distortion_model: equidistant
  intrinsics: [581.092269322771, 581.3197052657571, 661.6947313048105, 365.8385335078224]
  resolution: [1280, 720]
  rostopic: /front_camera/rgb/image_color
  timeshift_cam_imu: 9.52158946681546e-05
