Calibration results
===================
Normalized Residuals
----------------------------
Reprojection error (cam0):     mean 0.31192184126949213, median 0.29076177343464216, std: 0.17064618331197934
Reprojection error (cam1):     mean 0.5580978370584263, median 0.5239218029787757, std: 0.29383817355555114
Reprojection error (cam2):     mean 0.33617969418736066, median 0.3174283333583121, std: 0.18027257039580255
Gyroscope error (imu0):        mean 0.5018000501293164, median 0.42513102048845997, std: 0.33195289890001367
Accelerometer error (imu0):    mean 0.46658141202541986, median 0.3408208245751404, std: 0.44860739920141646

Residuals
----------------------------
Reprojection error (cam0) [px]:     mean 0.31192184126949213, median 0.29076177343464216, std: 0.17064618331197934
Reprojection error (cam1) [px]:     mean 0.5580978370584263, median 0.5239218029787757, std: 0.29383817355555114
Reprojection error (cam2) [px]:     mean 0.33617969418736066, median 0.3174283333583121, std: 0.18027257039580255
Gyroscope error (imu0) [rad/s]:     mean 0.011027660773215504, median 0.009342766460285316, std: 0.007295064958266706
Accelerometer error (imu0) [m/s^2]: mean 0.05680492641169126, median 0.04149394159428712, std: 0.054616642760702855

Transformation (cam0):
-----------------------
T_ci:  (imu0 to cam0): 
[[ 0.00137563  0.9998114  -0.01937176  0.07336192]
 [ 0.99990063 -0.00110345  0.01405423 -0.00212318]
 [ 0.01403021 -0.01938917 -0.99971357 -0.0016844 ]
 [ 0.          0.          0.          1.        ]]

T_ic:  (cam0 to imu0): 
[[ 0.00137563  0.99990063  0.01403021  0.00204568]
 [ 0.9998114  -0.00110345 -0.01938917 -0.07338308]
 [-0.01937176  0.01405423 -0.99971357 -0.00023293]
 [ 0.          0.          0.          1.        ]]

timeshift cam0 to imu0: [s] (t_imu = t_cam + shift)
7.812890997796088e-05


Transformation (cam1):
-----------------------
T_ci:  (imu0 to cam1): 
[[-0.00512736  0.99989934 -0.01322924 -0.00188231]
 [ 0.99989727  0.00530353  0.01331649 -0.00172893]
 [ 0.01338531 -0.01315961 -0.99982381 -0.00140541]
 [ 0.          0.          0.          1.        ]]

T_ic:  (cam1 to imu0): 
[[-0.00512736  0.99989727  0.01338531  0.00173791]
 [ 0.99989934  0.00530353 -0.01315961  0.0018728 ]
 [-0.01322924  0.01331649 -0.99982381 -0.00140705]
 [ 0.          0.          0.          1.        ]]

timeshift cam1 to imu0: [s] (t_imu = t_cam + shift)
7.099248596568923e-05


Transformation (cam2):
-----------------------
T_ci:  (imu0 to cam2): 
[[-0.0082484   0.99988438 -0.01277436  0.03618967]
 [ 0.9999534   0.00831171  0.0049106  -0.00161713]
 [ 0.00501621 -0.01273326 -0.99990635 -0.00137553]
 [ 0.          0.          0.          1.        ]]

T_ic:  (cam2 to imu0): 
[[-0.0082484   0.9999534   0.00501621  0.00192246]
 [ 0.99988438  0.00831171 -0.01273326 -0.03618956]
 [-0.01277436  0.0049106  -0.99990635 -0.00090516]
 [ 0.          0.          0.          1.        ]]

timeshift cam2 to imu0: [s] (t_imu = t_cam + shift)
9.52158946681546e-05

Baselines:
----------
Baseline (cam0 to cam1): 
[[ 0.99995999 -0.00641611 -0.0062337  -0.07526542]
 [ 0.00642006  0.9999792   0.00061326 -0.00007574]
 [ 0.00622964 -0.00065326  0.99998038 -0.00017945]
 [ 0.          0.          0.          1.        ]]
baseline norm:  0.0752656701134383 [m]

Baseline (cam1 to cam2): 
[[ 0.99999503 -0.00311475 -0.00049639  0.03806589]
 [ 0.00311879  0.99996014  0.00836557  0.00012935]
 [ 0.00047031 -0.00836708  0.99996488  0.00001625]
 [ 0.          0.          0.          1.        ]]
baseline norm:  0.038066116480321446 [m]


Gravity vector in target coords: [m/s^2]
[ 0.23821877 -9.67902044 -1.55828049]


Calibration configuration
=========================

cam0
-----
  Camera model: pinhole
  Focal length: [587.2901024019953, 587.1154549742607]
  Principal point: [617.0473192410899, 356.0440445462964]
  Distortion model: equidistant
  Distortion coefficients: [-0.0014582796924011618, -0.02183517687457206, 0.020676501013725063, -0.005646080076670184]
  Type: aprilgrid
  Tags: 
    Rows: 6
    Cols: 6
    Size: 0.0294 [m]
    Spacing 0.00882 [m]

cam1
-----
  Camera model: pinhole
  Focal length: [577.6265062804041, 577.9572999995758]
  Principal point: [612.7544922518928, 384.8897581184422]
  Distortion model: equidistant
  Distortion coefficients: [0.007594083288128868, -0.04456216926829111, 0.05003867871344342, -0.015735328473015873]
  Type: aprilgrid
  Tags: 
    Rows: 6
    Cols: 6
    Size: 0.0294 [m]
    Spacing 0.00882 [m]

cam2
-----
  Camera model: pinhole
  Focal length: [581.092269322771, 581.3197052657571]
  Principal point: [661.6947313048105, 365.8385335078224]
  Distortion model: equidistant
  Distortion coefficients: [0.0037183566683951816, -0.025773709195944093, 0.02278288872101354, -0.005214234853152427]
  Type: aprilgrid
  Tags: 
    Rows: 6
    Cols: 6
    Size: 0.0294 [m]
    Spacing 0.00882 [m]



IMU configuration
=================

IMU0:
 ----------------------------
  Model: calibrated
  Update rate: 200
  Accelerometer:
    Noise density: 0.008608818876033868 
    Noise density (discrete): 0.12174708410500601 
    Random walk: 0.0072532648695122805
  Gyroscope:
    Noise density: 0.001553952358385786
    Noise density (discrete): 0.02197620500510835 
    Random walk: 3.3735481202874915e-06
  T_ib (imu0 to imu0)
    [[1. 0. 0. 0.]
     [0. 1. 0. 0.]
     [0. 0. 1. 0.]
     [0. 0. 0. 1.]]
  time offset with respect to IMU0: 0.0 [s]

